42126578
42126605
42126611
42126623
42126624
42126627
42126633
42126634
42126635
42126636
42126647
42126658
42126660
42126663
42126681
42126697
42126719
42126735
42126746
42126747
42126749
42126752
42126877
42126896
42126914
42126926
42126938
42126956
42126982
42127457
42127473
42127512
42127514
42127523
42127526
42127530
42127556
42127565
42127589
42127590
42127593
42127602
42127608
42127610
42127611
42127619
42127631
42127803
42127841
42127846
42127852
42127856
42127899
42127922
42127938
42127941
42127963
42127973
42128176
42128181
42128185
42128199
42128212
42128217
42128218
42128235
42128242
42128251
42128272
42128308
42128325
42128329
42128351
42128796
42128812
42128813
42128817
42128848
42128878
42128879
42128903
42128934
42128945
42129033
42129036
42129037
42129042
42129056
42129071
42129075
42129084
42129087
42129098
42129113
42129130
42129132
42129134
42129155
42129166
42129174
42129180
42129183
42129759
42129765
42129770
42129771
42129779
42129780
42129799
42129809
42129819
42129821
42129827
42129836
42129887
42129906
42129910
42130655
42130667
42130668
42130692
42130710
42130715
42130719
42130729
42130761
42130773
42130778
